[2017-07-29 23:58:53,845] launcher  INFO    SCOOP 0.7 1.1 on linux using Python 3.6.0 |Anaconda 4.3.1 (64-bit)| (default, Dec 23 2016, 12:22:00) [GCC 4.4.7 20120313 (Red Hat 4.4.7-1)], API: 1013
[2017-07-29 23:58:53,845] launcher  INFO    Deploying 28 worker(s) over 1 host(s).
[2017-07-29 23:58:53,845] launcher  INFO    Worker distribution: 
[2017-07-29 23:58:53,845] launcher  INFO       127.0.0.1:	27 + origin

minimizing

done minimizing

The initial walkers:
   slot   |    0     |    1     |    2     |    3     |    4     |    5     |    6     |    7     
  weight  |  0.125   |  0.125   |  0.125   |  0.125   |  0.125   |  0.125   |  0.125   |  0.125   
Starting simulation
Begin cycle 0
Starting segment
Ending segment
Starting resampling
distance_matrix
[[ 0.          0.15692337  0.18585028  0.1846741   0.22289649  0.14148059
   0.15571624  0.12976421]
 [ 0.15692337  0.          0.14032562  0.15201642  0.17002062  0.13370736
   0.14803632  0.12033144]
 [ 0.18585028  0.14032562  0.          0.0797299   0.09767292  0.14068343
   0.1568215   0.11816233]
 [ 0.1846741   0.15201642  0.0797299   0.          0.10904995  0.14290851
   0.14771464  0.13123104]
 [ 0.22289649  0.17002062  0.09767292  0.10904995  0.          0.17358211
   0.17391697  0.15346222]
 [ 0.14148059  0.13370736  0.14068343  0.14290851  0.17358211  0.
   0.12484504  0.15083691]
 [ 0.15571624  0.14803632  0.1568215   0.14771464  0.17391697  0.12484504
   0.          0.15677439]
 [ 0.12976421  0.12033144  0.11816233  0.13123104  0.15346222  0.15083691
   0.15677439  0.        ]]
Starting variance optimization: 14.4291295521
Variance move to 17.1891298325 accepted
variance after selection: 17.6592032373
Variance move to 20.5452007087 accepted
variance after selection: 20.8675855372
Variance move to 23.9271610607 accepted
variance after selection: 23.849740879
---------------------
   slot   |    0     |    1     |    2     |    3     |    4     |    5     |    6     |    7     
Resampling Stage: 0
---------------------
 decision |  CLONE   | NOTHING  |KEEP_MERGE| NOTHING  | NOTHING  | NOTHING  | NOTHING  |  SQUASH  
 instruct |   0,7    |    1     |    2     |    3     |    4     |    5     |    6     |    2     
Resampling Stage: 1
---------------------
 decision | NOTHING  | NOTHING  | NOTHING  | NOTHING  |  CLONE   |  SQUASH  |KEEP_MERGE| NOTHING  
 instruct |    0     |    1     |    2     |    3     |   4,5    |    6     |    6     |    7     
Resampling Stage: 2
---------------------
 decision |  CLONE   |KEEP_MERGE| NOTHING  |  SQUASH  | NOTHING  | NOTHING  | NOTHING  | NOTHING  
 instruct |   0,3    |    1     |    2     |    1     |    4     |    5     |    6     |    7     
Ending resampling
  weight  | 0.03125  |   0.25   |   0.25   | 0.03125  |  0.0625  |  0.0625  |   0.25   |  0.0625  
End cycle 0
Begin cycle 1
Starting segment
Ending segment
Starting resampling
distance_matrix
[[ 0.          0.14919476  0.18891169  0.1208748   0.14153488  0.28188488
   0.12096884  0.14371048]
 [ 0.14919476  0.          0.19428796  0.13971739  0.16773582  0.27920833
   0.17987144  0.20406778]
 [ 0.18891169  0.19428796  0.          0.22974798  0.18390565  0.20966059
   0.1922435   0.18422319]
 [ 0.1208748   0.13971739  0.22974798  0.          0.16670963  0.28428772
   0.15460452  0.16042474]
 [ 0.14153488  0.16773582  0.18390565  0.16670963  0.          0.26106712
   0.13895915  0.16104487]
 [ 0.28188488  0.27920833  0.20966059  0.28428772  0.26106712  0.
   0.26537022  0.2479852 ]
 [ 0.12096884  0.17987144  0.1922435   0.15460452  0.13895915  0.26537022
   0.          0.08568248]
 [ 0.14371048  0.20406778  0.18422319  0.16042474  0.16104487  0.2479852
   0.08568248  0.        ]]
Starting variance optimization: 46.172084797
---------------------
   slot   |    0     |    1     |    2     |    3     |    4     |    5     |    6     |    7     
Ending resampling
  weight  | 0.03125  |   0.25   |   0.25   | 0.03125  |  0.0625  |  0.0625  |   0.25   |  0.0625  
End cycle 1
Begin cycle 2
Starting segment
Ending segment
Starting resampling
distance_matrix
[[ 0.          0.17703886  0.14276037  0.17841098  0.18234244  0.18266344
   0.18350999  0.20869334]
 [ 0.17703886  0.          0.1543956   0.13544139  0.18401518  0.14136238
   0.23359916  0.20651817]
 [ 0.14276037  0.1543956   0.          0.17464335  0.1610935   0.17495933
   0.19486892  0.20234643]
 [ 0.17841098  0.13544139  0.17464335  0.          0.16552271  0.14773761
   0.21376054  0.24892399]
 [ 0.18234244  0.18401518  0.1610935   0.16552271  0.          0.14967376
   0.1321995   0.24132618]
 [ 0.18266344  0.14136238  0.17495933  0.14773761  0.14967376  0.
   0.2120887   0.23836225]
 [ 0.18350999  0.23359916  0.19486892  0.21376054  0.1321995   0.2120887
   0.          0.25412312]
 [ 0.20869334  0.20651817  0.20234643  0.24892399  0.24132618  0.23836225
   0.25412312  0.        ]]
Starting variance optimization: 36.7298897903
Variance move to 44.2527547497 accepted
variance after selection: 45.6230690444
Variance move to 49.251310898 accepted
variance after selection: 48.894830053
Variance move to 51.9096522249 accepted
variance after selection: 54.3727743505
---------------------
   slot   |    0     |    1     |    2     |    3     |    4     |    5     |    6     |    7     
Resampling Stage: 0
---------------------
 decision |  SQUASH  | NOTHING  | NOTHING  |KEEP_MERGE| NOTHING  | NOTHING  | NOTHING  |  CLONE   
 instruct |    3     |    1     |    2     |    3     |    4     |    5     |    6     |   7,0    
Resampling Stage: 1
---------------------
 decision | NOTHING  | NOTHING  | NOTHING  | NOTHING  |  SQUASH  |KEEP_MERGE| NOTHING  |  CLONE   
 instruct |    0     |    1     |    2     |    3     |    5     |    5     |    6     |   7,5    
Resampling Stage: 2
---------------------
 decision | NOTHING  | NOTHING  | NOTHING  |KEEP_MERGE|  SQUASH  | NOTHING  |  CLONE   | NOTHING  
 instruct |    0     |    1     |    2     |    3     |    3     |    5     |   6,4    |    7     
Ending resampling
  weight  | 0.03125  |   0.25   |   0.25   |  0.125   |  0.125   | 0.015625 |  0.125   | 0.015625 
End cycle 2
Begin cycle 3
Starting segment
Ending segment
Starting resampling
distance_matrix
[[ 0.          0.25886464  0.24399047  0.23509219  0.26386204  0.15187779
   0.17866339  0.18489012]
 [ 0.25886464  0.          0.12958069  0.12183478  0.20928477  0.29021189
   0.23408319  0.25172988]
 [ 0.24399047  0.12958069  0.          0.17637675  0.18005712  0.23869084
   0.20196113  0.18242982]
 [ 0.23509219  0.12183478  0.17637675  0.          0.19707358  0.25533843
   0.1846914   0.22650912]
 [ 0.26386204  0.20928477  0.18005712  0.19707358  0.          0.26773492
   0.21314678  0.21242113]
 [ 0.15187779  0.29021189  0.23869084  0.25533843  0.26773492  0.
   0.16105692  0.11760686]
 [ 0.17866339  0.23408319  0.20196113  0.1846914   0.21314678  0.16105692
   0.          0.12914641]
 [ 0.18489012  0.25172988  0.18242982  0.22650912  0.21242113  0.11760686
   0.12914641  0.        ]]
Starting variance optimization: 55.281486649
Variance move to 61.7075618082 accepted
variance after selection: 61.1361572351
Variance move to 67.7288619589 accepted
variance after selection: 69.7456515952
Variance move to 69.7217572867 accepted
variance after selection: 69.315318384
---------------------
   slot   |    0     |    1     |    2     |    3     |    4     |    5     |    6     |    7     
Resampling Stage: 0
---------------------
 decision | NOTHING  |  CLONE   | NOTHING  |KEEP_MERGE| NOTHING  | NOTHING  |  SQUASH  | NOTHING  
 instruct |    0     |   1,3    |    2     |    3     |    4     |    5     |    3     |    7     
Resampling Stage: 1
---------------------
 decision |KEEP_MERGE| NOTHING  | NOTHING  | NOTHING  | NOTHING  |  CLONE   | NOTHING  |  SQUASH  
 instruct |    0     |    1     |    2     |    3     |    4     |   5,7    |    6     |    0     
Resampling Stage: 2
---------------------
 decision |  SQUASH  |  CLONE   | NOTHING  | NOTHING  |KEEP_MERGE| NOTHING  | NOTHING  | NOTHING  
 instruct |    4     |   1,4    |    2     |    3     |    4     |    5     |    6     |    7     
Ending resampling
  weight  |  0.0625  |  0.0625  |   0.25   |   0.25   |  0.125   |0.0078125 |  0.125   |0.0078125 
End cycle 3
Begin cycle 4
Starting segment
Ending segment
Starting resampling
distance_matrix
[[ 0.          0.164039    0.22666754  0.18802986  0.16794297  0.23674423
   0.19050634  0.20884013]
 [ 0.164039    0.          0.20200342  0.11015578  0.14208619  0.18447921
   0.16072717  0.18109886]
 [ 0.22666754  0.20200342  0.          0.17662273  0.17811477  0.2067997
   0.21320383  0.27749893]
 [ 0.18802986  0.11015578  0.17662273  0.          0.10705648  0.14457498
   0.12829082  0.16621007]
 [ 0.16794297  0.14208619  0.17811477  0.10705648  0.          0.16574526
   0.13509683  0.16063483]
 [ 0.23674423  0.18447921  0.2067997   0.14457498  0.16574526  0.
   0.1242236   0.19983566]
 [ 0.19050634  0.16072717  0.21320383  0.12829082  0.13509683  0.1242236
   0.          0.17701121]
 [ 0.20884013  0.18109886  0.27749893  0.16621007  0.16063483  0.19983566
   0.17701121  0.        ]]
Starting variance optimization: 29.9221633968
Variance move to 37.9485657279 accepted
variance after selection: 39.1920391866
Variance move to 43.6259542045 accepted
variance after selection: 46.6470948039
Variance move to 52.2315856292 accepted
variance after selection: 47.8878793638
---------------------
   slot   |    0     |    1     |    2     |    3     |    4     |    5     |    6     |    7     
Resampling Stage: 0
---------------------
 decision | NOTHING  | NOTHING  |  CLONE   | NOTHING  |  SQUASH  | NOTHING  |KEEP_MERGE| NOTHING  
 instruct |    0     |    1     |   2,4    |    3     |    6     |    5     |    6     |    7     
Resampling Stage: 1
---------------------
 decision |KEEP_MERGE|  SQUASH  | NOTHING  | NOTHING  | NOTHING  | NOTHING  | NOTHING  |  CLONE   
 instruct |    0     |    0     |    2     |    3     |    4     |    5     |    6     |   7,1    
Resampling Stage: 2
---------------------
 decision |KEEP_MERGE| NOTHING  |  CLONE   | NOTHING  | NOTHING  |  SQUASH  | NOTHING  | NOTHING  
 instruct |    0     |    1     |   2,0    |    3     |    4     |    0     |    6     |    7     
Ending resampling
  weight  |  0.0625  |0.00390625|  0.0625  |   0.25   |  0.125   |0.0078125 |   0.25   |0.00390625
End cycle 4
Begin cycle 5
Starting segment
Ending segment
Starting resampling
distance_matrix
[[ 0.          0.22922421  0.15764576  0.21869749  0.1724503   0.20606136
   0.25281826  0.23656374]
 [ 0.22922421  0.          0.22256216  0.20868216  0.22842023  0.17588891
   0.17603089  0.09174929]
 [ 0.15764576  0.22256216  0.          0.21865025  0.18342026  0.24194534
   0.2429657   0.20943466]
 [ 0.21869749  0.20868216  0.21865025  0.          0.25769809  0.20133893
   0.24194713  0.20112634]
 [ 0.1724503   0.22842023  0.18342026  0.25769809  0.          0.2298357
   0.20057616  0.240631  ]
 [ 0.20606136  0.17588891  0.24194534  0.20133893  0.2298357   0.
   0.20205769  0.1908997 ]
 [ 0.25281826  0.17603089  0.2429657   0.24194713  0.20057616  0.20205769
   0.          0.17526557]
 [ 0.23656374  0.09174929  0.20943466  0.20112634  0.240631    0.1908997
   0.17526557  0.        ]]
Starting variance optimization: 50.7193352963
Variance move to 55.1278673495 accepted
variance after selection: 55.2281777921
Variance move to 59.4418919402 accepted
variance after selection: 59.6322588208
Variance move to 61.2663094454 accepted
variance after selection: 59.1869522804
---------------------
   slot   |    0     |    1     |    2     |    3     |    4     |    5     |    6     |    7     
Resampling Stage: 0
---------------------
 decision | NOTHING  |  SQUASH  | NOTHING  |  CLONE   | NOTHING  | NOTHING  | NOTHING  |KEEP_MERGE
 instruct |    0     |    7     |    2     |   3,1    |    4     |    5     |    6     |    7     
Resampling Stage: 1
---------------------
 decision | NOTHING  | NOTHING  | NOTHING  | NOTHING  | NOTHING  |KEEP_MERGE|  CLONE   |  SQUASH  
 instruct |    0     |    1     |    2     |    3     |    4     |    5     |   6,7    |    5     
Resampling Stage: 2
---------------------
 decision | NOTHING  | NOTHING  | NOTHING  | NOTHING  |KEEP_MERGE|  SQUASH  |  CLONE   | NOTHING  
 instruct |    0     |    1     |    2     |    3     |    4     |    4     |   6,4    |    7     
Ending resampling
  weight  |  0.0625  |  0.125   |  0.0625  |  0.125   |  0.0625  | 0.015625 |  0.0625  |  0.125   
End cycle 5
Begin cycle 6
Starting segment
Ending segment
Starting resampling
distance_matrix
[[ 0.          0.17630509  0.18126407  0.18988878  0.18042208  0.13363072
   0.22675742  0.16679931]
 [ 0.17630509  0.          0.25116828  0.18538097  0.20962521  0.15699986
   0.25656229  0.2297947 ]
 [ 0.18126407  0.25116828  0.          0.24884892  0.26458088  0.18709682
   0.28170279  0.25497693]
 [ 0.18988878  0.18538097  0.24884892  0.          0.11258493  0.1885644
   0.21863438  0.15011643]
 [ 0.18042208  0.20962521  0.26458088  0.11258493  0.          0.17212063
   0.19106527  0.0862858 ]
 [ 0.13363072  0.15699986  0.18709682  0.1885644   0.17212063  0.
   0.21642695  0.17227814]
 [ 0.22675742  0.25656229  0.28170279  0.21863438  0.19106527  0.21642695
   0.          0.19968805]
 [ 0.16679931  0.2297947   0.25497693  0.15011643  0.0862858   0.17227814
   0.19968805  0.        ]]
Starting variance optimization: 47.8522855785
Variance move to 62.0465430743 accepted
variance after selection: 62.1138053979
Variance move to 71.4813261169 accepted
variance after selection: 69.0102597999
---------------------
   slot   |    0     |    1     |    2     |    3     |    4     |    5     |    6     |    7     
Resampling Stage: 0
---------------------
 decision |KEEP_MERGE| NOTHING  |  CLONE   | NOTHING  | NOTHING  |  SQUASH  | NOTHING  | NOTHING  
 instruct |    0     |    1     |   2,5    |    3     |    4     |    0     |    6     |    7     
Resampling Stage: 1
---------------------
 decision |  SQUASH  | NOTHING  | NOTHING  | NOTHING  | NOTHING  | NOTHING  |  CLONE   |KEEP_MERGE
 instruct |    7     |    1     |    2     |    3     |    4     |    5     |   6,7    |    7     
Ending resampling
  weight  |  0.125   |  0.125   | 0.03125  |  0.125   |  0.0625  | 0.03125  | 0.03125  |  0.0625  
End cycle 6
Begin cycle 7
Starting segment
Ending segment
Starting resampling
distance_matrix
[[ 0.          0.19071084  0.27503356  0.16685468  0.21538912  0.24408971
   0.1790733   0.21601655]
 [ 0.19071084  0.          0.26027009  0.12809449  0.15300559  0.2584112
   0.16205849  0.19952169]
 [ 0.27503356  0.26027009  0.          0.24937162  0.23054381  0.11640477
   0.23679332  0.22366072]
 [ 0.16685468  0.12809449  0.24937162  0.          0.18359472  0.22886765
   0.14403981  0.19554934]
 [ 0.21538912  0.15300559  0.23054381  0.18359472  0.          0.22868559
   0.21612497  0.19255039]
 [ 0.24408971  0.2584112   0.11640477  0.22886765  0.22868559  0.
   0.22472461  0.22520112]
 [ 0.1790733   0.16205849  0.23679332  0.14403981  0.21612497  0.22472461
   0.          0.16579141]
 [ 0.21601655  0.19952169  0.22366072  0.19554934  0.19255039  0.22520112
   0.16579141  0.        ]]
Starting variance optimization: 51.261156983
Variance move to 58.4023199444 accepted
variance after selection: 58.4351667183
Variance move to 62.1996893069 accepted
variance after selection: 62.897119216
Variance move to 66.6564305741 accepted
variance after selection: 66.4760549971
Variance move to 70.2539391474 accepted
variance after selection: 66.0201748825
---------------------
   slot   |    0     |    1     |    2     |    3     |    4     |    5     |    6     |    7     
Resampling Stage: 0
---------------------
 decision | NOTHING  | NOTHING  |  CLONE   |KEEP_MERGE| NOTHING  | NOTHING  |  SQUASH  | NOTHING  
 instruct |    0     |    1     |   2,6    |    3     |    4     |    5     |    3     |    7     
Resampling Stage: 1
---------------------
 decision |  CLONE   |KEEP_MERGE| NOTHING  | NOTHING  |  SQUASH  | NOTHING  | NOTHING  | NOTHING  
 instruct |   0,4    |    1     |    2     |    3     |    1     |    5     |    6     |    7     
Resampling Stage: 2
---------------------
 decision | NOTHING  | NOTHING  |  CLONE   |  SQUASH  | NOTHING  | NOTHING  | NOTHING  |KEEP_MERGE
 instruct |    0     |    1     |   2,3    |    7     |    4     |    5     |    6     |    7     
Resampling Stage: 3
---------------------
 decision |  CLONE   |KEEP_MERGE| NOTHING  | NOTHING  | NOTHING  |  SQUASH  | NOTHING  | NOTHING  
 instruct |   0,1    |    1     |    2     |    3     |    4     |    1     |    6     |    7     
Ending resampling
  weight  | 0.03125  |  0.0625  |0.0078125 |0.0078125 |  0.0625  | 0.03125  | 0.015625 |  0.125   
End cycle 7
Begin cycle 8
Starting segment
Ending segment
Starting resampling
distance_matrix
[[ 0.          0.24227914  0.20749752  0.16859944  0.16810261  0.18193345
   0.2187569   0.26453948]
 [ 0.24227914  0.          0.28371966  0.31537893  0.20026194  0.27321154
   0.34217912  0.24103533]
 [ 0.20749752  0.28371966  0.          0.19213378  0.24649861  0.19027458
   0.13726038  0.25769761]
 [ 0.16859944  0.31537893  0.19213378  0.          0.23737738  0.14272931
   0.16704243  0.2652517 ]
 [ 0.16810261  0.20026194  0.24649861  0.23737738  0.          0.20167612
   0.27805337  0.22069915]
 [ 0.18193345  0.27321154  0.19027458  0.14272931  0.20167612  0.
   0.17096347  0.22955047]
 [ 0.2187569   0.34217912  0.13726038  0.16704243  0.27805337  0.17096347
   0.          0.28637904]
 [ 0.26453948  0.24103533  0.25769761  0.2652517   0.22069915  0.22955047
   0.28637904  0.        ]]
Starting variance optimization: 80.1435097626
Variance move to 99.869529182 accepted
variance after selection: 99.371607384
Variance move to 109.363368251 accepted
variance after selection: 118.401586337
Variance move to 133.566504933 accepted
variance after selection: 136.256285548
Variance move to 146.561765555 accepted
variance after selection: 151.411865492
---------------------
   slot   |    0     |    1     |    2     |    3     |    4     |    5     |    6     |    7     
Resampling Stage: 0
---------------------
 decision |KEEP_MERGE|  CLONE   | NOTHING  | NOTHING  | NOTHING  |  SQUASH  | NOTHING  | NOTHING  
 instruct |    0     |   1,5    |    2     |    3     |    4     |    0     |    6     |    7     
Resampling Stage: 1
---------------------
 decision |  SQUASH  | NOTHING  | NOTHING  |KEEP_MERGE| NOTHING  | NOTHING  |  CLONE   | NOTHING  
 instruct |    3     |    1     |    2     |    3     |    4     |    5     |   6,0    |    7     
Resampling Stage: 2
---------------------
 decision | NOTHING  |  CLONE   |  SQUASH  | NOTHING  |KEEP_MERGE| NOTHING  | NOTHING  | NOTHING  
 instruct |    0     |   1,4    |    4     |    3     |    4     |    5     |    6     |    7     
Resampling Stage: 3
---------------------
 decision | NOTHING  | NOTHING  |  SQUASH  |KEEP_MERGE| NOTHING  | NOTHING  |  CLONE   | NOTHING  
 instruct |    0     |    1     |    3     |    3     |    4     |    5     |   6,2    |    7     
Ending resampling
  weight  |0.0078125 | 0.015625 |0.00390625| 0.03125  | 0.03125  | 0.03125  |0.00390625|  0.125   
End cycle 8
Begin cycle 9
Starting segment
Ending segment
Starting resampling
distance_matrix
[[ 0.          0.29371923  0.20750055  0.15758154  0.30369812  0.28450331
   0.12677856  0.33021483]
 [ 0.29371923  0.          0.3258158   0.27608609  0.12737249  0.20863082
   0.2876887   0.23187807]
 [ 0.20750055  0.3258158   0.          0.15654816  0.34212166  0.36797372
   0.16055956  0.34217858]
 [ 0.15758154  0.27608609  0.15654816  0.          0.30793074  0.3014434
   0.13234667  0.32452056]
 [ 0.30369812  0.12737249  0.34212166  0.30793074  0.          0.1718729
   0.30218986  0.24677341]
 [ 0.28450331  0.20863082  0.36797372  0.3014434   0.1718729   0.
   0.30164471  0.31707212]
 [ 0.12677856  0.2876887   0.16055956  0.13234667  0.30218986  0.30164471
   0.          0.32215637]
 [ 0.33021483  0.23187807  0.34217858  0.32452056  0.24677341  0.31707212
   0.32215637  0.        ]]
Starting variance optimization: 146.742682932
Variance move to 164.577622206 accepted
variance after selection: 169.185252812
Variance move to 180.886415051 accepted
variance after selection: 179.348998033
---------------------
   slot   |    0     |    1     |    2     |    3     |    4     |    5     |    6     |    7     
Resampling Stage: 0
---------------------
 decision | NOTHING  |KEEP_MERGE| NOTHING  | NOTHING  | NOTHING  | NOTHING  |  SQUASH  |  CLONE   
 instruct |    0     |    1     |    2     |    3     |    4     |    5     |    1     |   7,1    
Resampling Stage: 1
---------------------
 decision | NOTHING  | NOTHING  | NOTHING  | NOTHING  |KEEP_MERGE|  CLONE   |  SQUASH  | NOTHING  
 instruct |    0     |    1     |    2     |    3     |    4     |   5,4    |    4     |    7     
Ending resampling
  weight  |0.0078125 |  0.0625  |0.00390625| 0.03125  | 0.015625 | 0.015625 |0.00390625|  0.0625  
End cycle 9
Begin cycle 10
Starting segment
Ending segment
Starting resampling
distance_matrix
[[ 0.          0.30560187  0.18552507  0.19929136  0.30389127  0.24949665
   0.20704161  0.32227349]
 [ 0.30560187  0.          0.24929997  0.26231959  0.31716082  0.22945881
   0.33043209  0.16671197]
 [ 0.18552507  0.24929997  0.          0.10073418  0.27022979  0.20550641
   0.17346972  0.25152031]
 [ 0.19929136  0.26231959  0.10073418  0.          0.29470041  0.22717418
   0.19198751  0.26727441]
 [ 0.30389127  0.31716082  0.27022979  0.29470041  0.          0.1770217
   0.31483847  0.24334672]
 [ 0.24949665  0.22945881  0.20550641  0.22717418  0.1770217   0.
   0.27776405  0.164903  ]
 [ 0.20704161  0.33043209  0.17346972  0.19198751  0.31483847  0.27776405
   0.          0.33369303]
 [ 0.32227349  0.16671197  0.25152031  0.26727441  0.24334672  0.164903
   0.33369303  0.        ]]
Starting variance optimization: 105.169903258
Variance move to 123.356397456 accepted
variance after selection: 125.040685215
Variance move to 142.026875329 accepted
variance after selection: 131.512351357
---------------------
   slot   |    0     |    1     |    2     |    3     |    4     |    5     |    6     |    7     
Resampling Stage: 0
---------------------
 decision | NOTHING  | NOTHING  |  SQUASH  | NOTHING  |  CLONE   |KEEP_MERGE| NOTHING  | NOTHING  
 instruct |    0     |    1     |    5     |    3     |   4,5    |    5     |    6     |    7     
Resampling Stage: 1
---------------------
 decision | NOTHING  |  CLONE   |  SQUASH  | NOTHING  | NOTHING  | NOTHING  | NOTHING  |KEEP_MERGE
 instruct |    0     |   1,7    |    7     |    3     |    4     |    5     |    6     |    7     
Ending resampling
  weight  |0.0078125 | 0.03125  |0.00390625| 0.03125  |0.0078125 | 0.015625 |0.00390625|  0.0625  
End cycle 10
Begin cycle 11
Starting segment
Ending segment
Starting resampling
distance_matrix
[[ 0.          0.37821883  0.22833495  0.25721133  0.32253882  0.32890633
   0.23377857  0.32546589]
 [ 0.37821883  0.          0.28713354  0.36251444  0.41363382  0.40492404
   0.39890102  0.18119694]
 [ 0.22833495  0.28713354  0.          0.15684047  0.25960538  0.30582398
   0.16407906  0.22429818]
 [ 0.25721133  0.36251444  0.15684047  0.          0.29977277  0.3570776
   0.15763937  0.26860276]
 [ 0.32253882  0.41363382  0.25960538  0.29977277  0.          0.26338494
   0.27263761  0.35531414]
 [ 0.32890633  0.40492404  0.30582398  0.3570776   0.26338494  0.
   0.33684984  0.35295373]
 [ 0.23377857  0.39890102  0.16407906  0.15763937  0.27263761  0.33684984
   0.          0.30921751]
 [ 0.32546589  0.18119694  0.22429818  0.26860276  0.35531414  0.35295373
   0.30921751  0.        ]]
Starting variance optimization: 222.062522915
Variance move to 291.841319985 accepted
variance after selection: 270.297688429
---------------------
   slot   |    0     |    1     |    2     |    3     |    4     |    5     |    6     |    7     
Resampling Stage: 0
---------------------
 decision | NOTHING  |  CLONE   |  SQUASH  | NOTHING  | NOTHING  | NOTHING  | NOTHING  |KEEP_MERGE
 instruct |    0     |   1,7    |    7     |    3     |    4     |    5     |    6     |    7     
Ending resampling
  weight  |0.0078125 | 0.015625 |0.00390625| 0.03125  |0.0078125 | 0.015625 |0.00390625| 0.03125  
End cycle 11
Begin cycle 12
Starting segment
Ending segment
Starting resampling
distance_matrix
[[ 0.          0.32575679  0.25717169  0.2197772   0.3443222   0.32361934
   0.20023286  0.32158792]
 [ 0.32575679  0.          0.28188035  0.34290129  0.42101583  0.43363652
   0.29791644  0.17906293]
 [ 0.25717169  0.28188035  0.          0.19190744  0.33155695  0.2962139
   0.15164834  0.24479209]
 [ 0.2197772   0.34290129  0.19190744  0.          0.35452586  0.30473796
   0.17710403  0.3394644 ]
 [ 0.3443222   0.42101583  0.33155695  0.35452586  0.          0.33129281
   0.32418656  0.41237044]
 [ 0.32361934  0.43363652  0.2962139   0.30473796  0.33129281  0.
   0.27662769  0.39598855]
 [ 0.20023286  0.29791644  0.15164834  0.17710403  0.32418656  0.27662769
   0.          0.24878305]
 [ 0.32158792  0.17906293  0.24479209  0.3394644   0.41237044  0.39598855
   0.24878305  0.        ]]
Starting variance optimization: 234.181839449
---------------------
   slot   |    0     |    1     |    2     |    3     |    4     |    5     |    6     |    7     
Ending resampling
  weight  |0.0078125 | 0.015625 |0.00390625| 0.03125  |0.0078125 | 0.015625 |0.00390625| 0.03125  
End cycle 12
Begin cycle 13
Starting segment
Ending segment
Starting resampling
distance_matrix
[[ 0.          0.29998642  0.26878181  0.29626063  0.20692237  0.25619957
   0.20270383  0.33064955]
 [ 0.29998642  0.          0.31389779  0.30063033  0.35185584  0.42205635
   0.19055557  0.16730751]
 [ 0.26878181  0.31389779  0.          0.20698783  0.38576102  0.38164073
   0.23112282  0.32276344]
 [ 0.29626063  0.30063033  0.20698783  0.          0.40505955  0.42760456
   0.16976707  0.33379132]
 [ 0.20692237  0.35185584  0.38576102  0.40505955  0.          0.27992567
   0.29675931  0.37840477]
 [ 0.25619957  0.42205635  0.38164073  0.42760456  0.27992567  0.
   0.3535763   0.46004024]
 [ 0.20270383  0.19055557  0.23112282  0.16976707  0.29675931  0.3535763
   0.          0.26184002]
 [ 0.33064955  0.16730751  0.32276344  0.33379132  0.37840477  0.46004024
   0.26184002  0.        ]]
Starting variance optimization: 264.779438375
---------------------
   slot   |    0     |    1     |    2     |    3     |    4     |    5     |    6     |    7     
Ending resampling
  weight  |0.0078125 | 0.015625 |0.00390625| 0.03125  |0.0078125 | 0.015625 |0.00390625| 0.03125  
End cycle 13
Begin cycle 14
Starting segment
Ending segment
Starting resampling
distance_matrix
[[ 0.          0.31207526  0.2879827   0.34709874  0.24477232  0.26074398
   0.23928857  0.3483395 ]
 [ 0.31207526  0.          0.25148013  0.21999371  0.29226857  0.32946885
   0.23166411  0.134087  ]
 [ 0.2879827   0.25148013  0.          0.23065256  0.31926584  0.36687008
   0.21823221  0.32421109]
 [ 0.34709874  0.21999371  0.23065256  0.          0.35489762  0.40321499
   0.27080241  0.30223426]
 [ 0.24477232  0.29226857  0.31926584  0.35489762  0.          0.12803049
   0.19896767  0.27425319]
 [ 0.26074398  0.32946885  0.36687008  0.40321499  0.12803049  0.
   0.2358117   0.31470683]
 [ 0.23928857  0.23166411  0.21823221  0.27080241  0.19896767  0.2358117
   0.          0.24286649]
 [ 0.3483395   0.134087    0.32421109  0.30223426  0.27425319  0.31470683
   0.24286649  0.        ]]
Starting variance optimization: 163.259037659
Variance move to 189.999427192 accepted
variance after selection: 201.460744133
Variance move to 233.500763359 accepted
variance after selection: 229.377857398
---------------------
   slot   |    0     |    1     |    2     |    3     |    4     |    5     |    6     |    7     
Resampling Stage: 0
---------------------
 decision | NOTHING  | NOTHING  |KEEP_MERGE|  CLONE   | NOTHING  | NOTHING  |  SQUASH  | NOTHING  
 instruct |    0     |    1     |    2     |   3,6    |    4     |    5     |    2     |    7     
Resampling Stage: 1
---------------------
 decision | NOTHING  |  SQUASH  | NOTHING  | NOTHING  |KEEP_MERGE|  CLONE   | NOTHING  | NOTHING  
 instruct |    0     |    4     |    2     |    3     |    4     |   5,4    |    6     |    7     
Ending resampling
  weight  |0.0078125 | 0.015625 |0.0078125 | 0.015625 |0.0078125 |0.0078125 | 0.015625 | 0.03125  
End cycle 14
Begin cycle 15
Starting segment
Ending segment
Starting resampling
distance_matrix
[[ 0.          0.30494425  0.16057612  0.19304171  0.26564738  0.30254918
   0.22401454  0.249887  ]
 [ 0.30494425  0.          0.29215172  0.30264321  0.38603401  0.38105249
   0.27228004  0.15433808]
 [ 0.16057612  0.29215172  0.          0.18848433  0.32020992  0.36446625
   0.21902153  0.23831461]
 [ 0.19304171  0.30264321  0.18848433  0.          0.26169074  0.32177326
   0.1545721   0.24810056]
 [ 0.26564738  0.38603401  0.32020992  0.26169074  0.          0.21613233
   0.31315058  0.35703486]
 [ 0.30254918  0.38105249  0.36446625  0.32177326  0.21613233  0.
   0.30423981  0.33928803]
 [ 0.22401454  0.27228004  0.21902153  0.1545721   0.31315058  0.30423981
   0.          0.21241829]
 [ 0.249887    0.15433808  0.23831461  0.24810056  0.35703486  0.33928803
   0.21241829  0.        ]]
Starting variance optimization: 155.793097534
Variance move to 174.770681125 accepted
variance after selection: 187.363812821
Variance move to 215.68050533 accepted
variance after selection: 209.810067941
---------------------
   slot   |    0     |    1     |    2     |    3     |    4     |    5     |    6     |    7     
Resampling Stage: 0
---------------------
 decision |  SQUASH  | NOTHING  | NOTHING  | NOTHING  |KEEP_MERGE|  CLONE   | NOTHING  | NOTHING  
 instruct |    4     |    1     |    2     |    3     |    4     |   5,0    |    6     |    7     
Resampling Stage: 1
---------------------
 decision | NOTHING  |  CLONE   | NOTHING  | NOTHING  | NOTHING  | NOTHING  |  SQUASH  |KEEP_MERGE
 instruct |    0     |   1,7    |    2     |    3     |    4     |    5     |    7     |    7     
Ending resampling
  weight  |0.00390625|0.0078125 |0.0078125 | 0.015625 | 0.015625 |0.00390625| 0.015625 | 0.015625 
End cycle 15
Begin cycle 16
Starting segment
Ending segment
Starting resampling
distance_matrix
[[ 0.          0.3481507   0.32670474  0.38828862  0.19599356  0.19841827
   0.3065182   0.33805159]
 [ 0.3481507   0.          0.22144249  0.19140999  0.28829363  0.3705591
   0.20364463  0.08021161]
 [ 0.32670474  0.22144249  0.          0.1934256   0.28445724  0.40289176
   0.11683516  0.19294953]
 [ 0.38828862  0.19140999  0.1934256   0.          0.31961769  0.43850347
   0.17993021  0.19168571]
 [ 0.19599356  0.28829363  0.28445724  0.31961769  0.          0.22209489
   0.28954673  0.27657771]
 [ 0.19841827  0.3705591   0.40289176  0.43850347  0.22209489  0.
   0.37718594  0.3632763 ]
 [ 0.3065182   0.20364463  0.11683516  0.17993021  0.28954673  0.37718594
   0.          0.18525219]
 [ 0.33805159  0.08021161  0.19294953  0.19168571  0.27657771  0.3632763
   0.18525219  0.        ]]
Starting variance optimization: 183.524123039
Variance move to 234.536079518 accepted
variance after selection: 238.208822016
Variance move to 268.336737862 accepted
variance after selection: 274.248762561
Variance move to 315.105645213 accepted
variance after selection: 305.098460806
---------------------
   slot   |    0     |    1     |    2     |    3     |    4     |    5     |    6     |    7     
Resampling Stage: 0
---------------------
 decision | NOTHING  | NOTHING  | NOTHING  | NOTHING  |KEEP_MERGE|  CLONE   | NOTHING  |  SQUASH  
 instruct |    0     |    1     |    2     |    3     |    4     |   5,4    |    6     |    4     
Resampling Stage: 1
---------------------
 decision |KEEP_MERGE| NOTHING  | NOTHING  | NOTHING  | NOTHING  |  CLONE   | NOTHING  |  SQUASH  
 instruct |    0     |    1     |    2     |    3     |    4     |   5,7    |    6     |    0     
Resampling Stage: 2
---------------------
 decision |  SQUASH  | NOTHING  | NOTHING  |  CLONE   | NOTHING  | NOTHING  |KEEP_MERGE| NOTHING  
 instruct |    6     |    1     |    2     |   3,0    |    4     |    5     |    6     |    7     
Ending resampling
  weight  |0.0078125 |0.0078125 |0.0078125 |0.0078125 |0.001953125|0.0009765625| 0.03125  |0.0009765625
End cycle 16
Begin cycle 17
Starting segment
Ending segment
Starting resampling
distance_matrix
[[ 0.          0.23853123  0.23699282  0.15063906  0.36118838  0.3417694
   0.20671771  0.2715846 ]
 [ 0.23853123  0.          0.23896876  0.25551626  0.39786839  0.36458853
   0.17809461  0.31459522]
 [ 0.23699282  0.23896876  0.          0.26168406  0.42876461  0.3832193
   0.174859    0.29780838]
 [ 0.15063906  0.25551626  0.26168406  0.          0.42467028  0.39024585
   0.19969332  0.32629126]
 [ 0.36118838  0.39786839  0.42876461  0.42467028  0.          0.15004174
   0.43992153  0.19833803]
 [ 0.3417694   0.36458853  0.3832193   0.39024585  0.15004174  0.
   0.38624004  0.13168502]
 [ 0.20671771  0.17809461  0.174859    0.19969332  0.43992153  0.38624004
   0.          0.30901453]
 [ 0.2715846   0.31459522  0.29780838  0.32629126  0.19833803  0.13168502
   0.30901453  0.        ]]
Starting variance optimization: 224.70702853
Variance move to 275.796147252 accepted
variance after selection: 294.794707979
Variance move to 327.615740381 accepted
variance after selection: 345.271524699
Variance move to 369.750048365 accepted
variance after selection: 360.346083227
---------------------
   slot   |    0     |    1     |    2     |    3     |    4     |    5     |    6     |    7     
Resampling Stage: 0
---------------------
 decision | NOTHING  | NOTHING  | NOTHING  | NOTHING  |  CLONE   |KEEP_MERGE| NOTHING  |  SQUASH  
 instruct |    0     |    1     |    2     |    3     |   4,7    |    5     |    6     |    5     
Resampling Stage: 1
---------------------
 decision |  SQUASH  | NOTHING  | NOTHING  | NOTHING  |  CLONE   |KEEP_MERGE| NOTHING  | NOTHING  
 instruct |    5     |    1     |    2     |    3     |   4,0    |    5     |    6     |    7     
Resampling Stage: 2
---------------------
 decision | NOTHING  |KEEP_MERGE| NOTHING  | NOTHING  | NOTHING  |  SQUASH  |  CLONE   | NOTHING  
 instruct |    0     |    1     |    2     |    3     |    4     |    1     |   6,5    |    7     
Ending resampling
  weight  |0.00048828125| 0.015625 |0.0078125 |0.0078125 |0.00048828125| 0.015625 | 0.015625 |0.0009765625
End cycle 17
Begin cycle 18
Starting segment
Ending segment
Starting resampling
distance_matrix
[[ 0.          0.29372764  0.27184668  0.30698365  0.1984587   0.27339038
   0.29105648  0.23346281]
 [ 0.29372764  0.          0.24151815  0.24489957  0.30031246  0.2227768
   0.26360908  0.30440852]
 [ 0.27184668  0.24151815  0.          0.19649895  0.250808    0.1903038
   0.17430711  0.24779646]
 [ 0.30698365  0.24489957  0.19649895  0.          0.35115314  0.17139001
   0.1654191   0.35738516]
 [ 0.1984587   0.30031246  0.250808    0.35115314  0.          0.30309576
   0.3208687   0.1296021 ]
 [ 0.27339038  0.2227768   0.1903038   0.17139001  0.30309576  0.
   0.1710629   0.28541619]
 [ 0.29105648  0.26360908  0.17430711  0.1654191   0.3208687   0.1710629
   0.          0.32476389]
 [ 0.23346281  0.30440852  0.24779646  0.35738516  0.1296021   0.28541619
   0.32476389  0.        ]]
Starting variance optimization: 106.804016153
Variance move to 107.940164641 accepted
variance after selection: 126.174037096
Variance move to 139.479244012 accepted
variance after selection: 133.84024896
Variance move to 144.636794303 accepted
variance after selection: 150.958010452
---------------------
   slot   |    0     |    1     |    2     |    3     |    4     |    5     |    6     |    7     
Resampling Stage: 0
---------------------
 decision | NOTHING  | NOTHING  |  SQUASH  | NOTHING  |KEEP_MERGE| NOTHING  | NOTHING  |  CLONE   
 instruct |    0     |    1     |    4     |    3     |    4     |    5     |    6     |   7,2    
Resampling Stage: 1
---------------------
 decision | NOTHING  | NOTHING  | NOTHING  |  CLONE   | NOTHING  |  SQUASH  |KEEP_MERGE| NOTHING  
 instruct |    0     |    1     |    2     |   3,6    |    4     |    6     |    6     |    7     
Resampling Stage: 2
---------------------
 decision | NOTHING  |KEEP_MERGE| NOTHING  |  CLONE   | NOTHING  |  SQUASH  | NOTHING  | NOTHING  
 instruct |    0     |    1     |    2     |   3,5    |    4     |    1     |    6     |    7     
Ending resampling
  weight  |0.00048828125| 0.03125  |0.00048828125|0.001953125|0.0009765625|0.001953125|0.0078125 |0.00048828125
End cycle 18
Begin cycle 19
Starting segment
Ending segment
Starting resampling
distance_matrix
[[ 0.          0.33776745  0.1580307   0.30409729  0.10226311  0.32155323
   0.37307718  0.12039724]
 [ 0.33776745  0.          0.28336701  0.22842388  0.3043274   0.25488111
   0.30045736  0.31302986]
 [ 0.1580307   0.28336701  0.          0.26785812  0.12746459  0.25849971
   0.34145683  0.10553675]
 [ 0.30409729  0.22842388  0.26785812  0.          0.28209445  0.18492547
   0.22271588  0.28408551]
 [ 0.10226311  0.3043274   0.12746459  0.28209445  0.          0.29279816
   0.34353077  0.08381166]
 [ 0.32155323  0.25488111  0.25849971  0.18492547  0.29279816  0.
   0.16557629  0.27305871]
 [ 0.37307718  0.30045736  0.34145683  0.22271588  0.34353077  0.16557629
   0.          0.34115297]
 [ 0.12039724  0.31302986  0.10553675  0.28408551  0.08381166  0.27305871
   0.34115297  0.        ]]
Starting variance optimization: 118.546989707
Variance move to 138.740340132 accepted
variance after selection: 144.378732215
---------------------
   slot   |    0     |    1     |    2     |    3     |    4     |    5     |    6     |    7     
Resampling Stage: 0
---------------------
 decision | NOTHING  | NOTHING  |  SQUASH  | NOTHING  | NOTHING  |KEEP_MERGE|  CLONE   | NOTHING  
 instruct |    0     |    1     |    5     |    3     |    4     |    5     |   6,5    |    7     
Ending resampling
  weight  |0.00048828125| 0.03125  |0.00048828125|0.001953125|0.0009765625|0.00390625|0.00390625|0.00048828125
End cycle 19
Begin cycle 20
Starting segment
Ending segment
Starting resampling
distance_matrix
[[ 0.          0.31819111  0.1394206   0.28133309  0.13165148  0.31490463
   0.29729632  0.13917167]
 [ 0.31819111  0.          0.34462643  0.23052947  0.29348975  0.23291799
   0.24422383  0.36963353]
 [ 0.1394206   0.34462643  0.          0.28855917  0.16725641  0.33617789
   0.31876141  0.13656178]
 [ 0.28133309  0.23052947  0.28855917  0.          0.26308605  0.17912777
   0.20967734  0.29672191]
 [ 0.13165148  0.29348975  0.16725641  0.26308605  0.          0.30054754
   0.30489516  0.14782329]
 [ 0.31490463  0.23291799  0.33617789  0.17912777  0.30054754  0.
   0.19363597  0.34313151]
 [ 0.29729632  0.24422383  0.31876141  0.20967734  0.30489516  0.19363597
   0.          0.31959471]
 [ 0.13917167  0.36963353  0.13656178  0.29672191  0.14782329  0.34313151
   0.31959471  0.        ]]
Starting variance optimization: 118.293903354
Variance move to 133.003881637 accepted
variance after selection: 124.529818384
Variance move to 137.826016427 accepted
variance after selection: 139.337144789
Variance move to 156.000510564 accepted
variance after selection: 161.035951059
Variance move to 169.457704628 accepted
variance after selection: 167.962766323
Variance move to 176.348338199 accepted
variance after selection: 187.855137501
---------------------
   slot   |    0     |    1     |    2     |    3     |    4     |    5     |    6     |    7     
Resampling Stage: 0
---------------------
 decision | NOTHING  |  CLONE   | NOTHING  |  SQUASH  | NOTHING  |KEEP_MERGE| NOTHING  | NOTHING  
